# Energy [GeV]    E^2*dN/dE [GeV/cm^2/s]    Error    Counts
50.58 3.191807e-07 2.132616e-08 223
51.76 2.885347e-07 2.050527e-08 197
52.96 3.327245e-07 2.228088e-08 222
54.20 3.236043e-07 2.222523e-08 211
55.46 3.295726e-07 2.268871e-08 210
56.75 3.211898e-07 2.265498e-08 200
58.07 2.629370e-07 2.072234e-08 160
59.43 3.211923e-07 2.318006e-08 191
60.81 2.684457e-07 2.142430e-08 156
62.23 3.204816e-07 2.369069e-08 182
63.68 3.135314e-07 2.370075e-08 174
65.16 2.931763e-07 2.317762e-08 159
66.68 3.000053e-07 2.371750e-08 159
68.23 2.413469e-07 2.150089e-08 125
69.82 2.845079e-07 2.362709e-08 144
71.44 2.547430e-07 2.260479e-08 126
73.11 2.420570e-07 2.228315e-08 117
74.81 2.646317e-07 2.357526e-08 125
76.55 2.881266e-07 2.489035e-08 133
78.34 2.438510e-07 2.314531e-08 110
80.16 2.336517e-07 2.291144e-08 103
82.03 2.367729e-07 2.332992e-08 102
83.94 2.422880e-07 2.387335e-08 102
85.90 2.600852e-07 2.502671e-08 107
87.90 2.512194e-07 2.487443e-08 101
89.94 2.188922e-07 2.346770e-08 86
92.04 2.109681e-07 2.329753e-08 81
94.18 2.585256e-07 2.611503e-08 97
96.38 2.100016e-07 2.377799e-08 77
98.62 2.344289e-07 2.542738e-08 84
100.92 2.655918e-07 2.739371e-08 93
103.27 2.220984e-07 2.531046e-08 76
105.67 2.123196e-07 2.502211e-08 71
108.14 2.325655e-07 2.650330e-08 76
110.65 1.972751e-07 2.465939e-08 63
113.23 1.954617e-07 2.482366e-08 61
115.87 2.196881e-07 2.664110e-08 67
118.57 1.778311e-07 2.419974e-08 53
121.33 2.540759e-07 2.933816e-08 74
124.16 2.248598e-07 2.789042e-08 64
127.05 2.049305e-07 2.690870e-08 57
130.01 2.354571e-07 2.920486e-08 64
133.04 2.258827e-07 2.892132e-08 60
136.14 1.964726e-07 2.724585e-08 51
139.31 2.089333e-07 2.843222e-08 53
142.55 2.299358e-07 3.019205e-08 57
145.87 2.229079e-07 3.005690e-08 54
149.27 1.647390e-07 2.604752e-08 39
152.75 1.599313e-07 2.594428e-08 37
156.30 1.857723e-07 2.833002e-08 42
159.94 1.810472e-07 2.827482e-08 40
163.67 1.852643e-07 2.893342e-08 40
167.48 1.516637e-07 2.640127e-08 32
171.38 1.842958e-07 2.951094e-08 38
175.38 1.637743e-07 2.808706e-08 33
179.46 1.828245e-07 3.005615e-08 36
183.64 1.299187e-07 2.547916e-08 25
187.92 1.595339e-07 2.865314e-08 30
192.30 1.632499e-07 2.932055e-08 30
196.78 1.948946e-07 3.248243e-08 35
201.36 2.051324e-07 3.372356e-08 36
206.05 2.448956e-07 3.734624e-08 42
210.85 1.670667e-07 3.102350e-08 28
215.76 1.648525e-07 3.115419e-08 27
220.79 2.061796e-07 3.535951e-08 33
225.93 1.534416e-07 3.068831e-08 24
231.19 1.112194e-07 2.621467e-08 17
236.58 1.071154e-07 2.597929e-08 16
242.09 1.370130e-07 2.989869e-08 20
247.73 1.892760e-07 3.576980e-08 27
253.50 9.325565e-08 2.492362e-08 13
259.40 1.541527e-07 3.286546e-08 21
265.44 1.652549e-07 3.445804e-08 22
271.63 1.844773e-07 3.689547e-08 24
277.95 1.651776e-07 3.521598e-08 21
284.43 1.931715e-07 3.863430e-08 24
291.05 1.235444e-07 3.088610e-08 15
297.83 1.517065e-07 3.480387e-08 18
304.77 1.638647e-07 3.664126e-08 19
311.87 1.676816e-07 3.749474e-08 19
319.13 1.625565e-07 3.729301e-08 18
326.57 7.393018e-08 2.464339e-08 8
334.17 6.619571e-08 2.340372e-08 7
341.96 9.676800e-08 2.917665e-08 10
349.92 1.089242e-07 3.144371e-08 11
358.07 1.519928e-07 3.799820e-08 15
366.41 1.659021e-07 4.023716e-08 16
374.95 1.909872e-07 4.381547e-08 18
383.68 1.302906e-07 3.613611e-08 12
392.62 8.888363e-08 2.962788e-08 8
401.76 1.819080e-07 4.411917e-08 16
411.12 1.163407e-07 3.507805e-08 10
420.70 2.738165e-07 5.589256e-08 23
430.50 8.527659e-08 3.014983e-08 7
440.52 1.371275e-07 3.958529e-08 11
450.79 1.658346e-07 4.432116e-08 13
461.29 7.832187e-08 2.960288e-08 6
472.03 8.014622e-08 3.029242e-08 6
483.03 4.100653e-08 2.050327e-08 3
494.28 1.118979e-07 3.729929e-08 8
