                      mDM  e^+_L e^-_L              e^+_R e^-_R              e^+ e^-                  \mu_L^+ \mu_L^-          \mu_R^+ \mu_R^-          \mu^+ \mu^-              \tau_L^+ \tau_L^-        \tau_R^+ \tau_R^-        \tau^+ \tau^-            q \bar{q}                c \bar{c}                b \bar{b}                t \bar{t}                W_L^+ W_L^-              W_T^+ W_T^-              W^+ W^-                  Z_L^+ Z_L^-              Z_T^+ Z_T^-              Z^0 Z^0                  gg                       \gamma \gamma            h h                      \nu_e \bar{\nu}_e        \nu_\mu \bar{\nu}_\mu    \nu_\tau \bar{\nu}_\tau  VV \rightarrow 4e        VV \rightarrow 4\mu      VV \rightarrow 4\tau   
                5.000E+00                   0.6151                   0.6151                   0.6151                   0.2164                   0.1545                   0.1854                   0.1419                   0.1419                   0.1419                   0.2332                   0.2348                   0.0000                   0.0000                   0.0000                   0.0000                   0.0000                   0.0000                   0.0000                   0.0000                   0.2348                   0.3697                   0.0000                   0.0000                   0.0000                   0.0000                   0.5142                   0.1755                   0.1622
                6.000E+00                   0.6277                   0.6277                   0.6277                   0.2262                   0.1614                   0.1938                   0.1403                   0.1403                   0.1403                   0.2274                   0.2290                   0.2671                   0.0000                   0.0000                   0.0000                   0.0000                   0.0000                   0.0000                   0.0000                   0.2290                   0.3844                   0.0000                   0.0000                   0.0000                   0.0000                   0.5355                   0.1800                   0.1567
                8.000E+00                   0.6223                   0.6223                   0.6223                   0.2390                   0.1722                   0.2056                   0.1402                   0.1402                   0.1402                   0.2191                   0.2209                   0.2562                   0.0000                   0.0000                   0.0000                   0.0000                   0.0000                   0.0000                   0.0000                   0.2209                   0.4013                   0.0000                   0.0000                   0.0000                   0.0000                   0.5583                   0.1888                   0.1504
                1.000E+01                   0.6129                   0.6129                   0.6129                   0.2451                   0.1790                   0.2121                   0.1413                   0.1413                   0.1413                   0.2138                   0.2158                   0.2447                   0.0000                   0.0000                   0.0000                   0.0000                   0.0000                   0.0000                   0.0000                   0.2158                   0.4112                   0.0000                   0.0000                   0.0000                   0.0000                   0.5665                   0.1958                   0.1476
                1.500E+01                   0.5674                   0.5674                   0.5674                   0.2472                   0.1857                   0.2164                   0.1449                   0.1449                   0.1449                   0.2070                   0.2093                   0.2298                   0.0000                   0.0000                   0.0000                   0.0000                   0.0000                   0.0000                   0.0000                   0.2093                   0.4097                   0.0000                   0.0000                   0.0000                   0.0000                   0.5591                   0.2058                   0.1464
                2.000E+01                   0.5316                   0.5316                   0.5316                   0.2418                   0.1853                   0.2136                   0.1474                   0.1474                   0.1474                   0.2043                   0.2068                   0.2218                   0.0000                   0.0000                   0.0000                   0.0000                   0.0000                   0.0000                   0.0000                   0.2068                   0.3970                   0.0000                   0.0000                   0.0000                   0.0000                   0.5400                   0.2090                   0.1478
                2.500E+01                   0.5026                   0.5026                   0.5026                   0.2349                   0.1825                   0.2087                   0.1488                   0.1488                   0.1488                   0.2033                   0.2059                   0.2168                   0.0000                   0.0000                   0.0000                   0.0000                   0.0000                   0.0000                   0.0000                   0.2058                   0.3845                   0.0000                   0.0000                   0.0000                   0.0000                   0.5202                   0.2088                   0.1494
                3.000E+01                   0.4833                   0.4833                   0.4833                   0.2281                   0.1788                   0.2034                   0.1495                   0.1495                   0.1495                   0.2029                   0.2056                   0.2136                   0.0000                   0.0000                   0.0000                   0.0000                   0.0000                   0.0000                   0.0000                   0.2056                   0.3705                   0.0000                   0.0000                   0.0000                   0.0000                   0.5022                   0.2071                   0.1509
                4.000E+01                   0.4635                   0.4635                   0.4635                   0.2167                   0.1713                   0.1940                   0.1492                   0.1492                   0.1492                   0.2031                   0.2057                   0.2102                   0.0000                   0.0000                   0.0000                   0.0000                   0.0000                   0.0000                   0.0000                   0.2057                   0.3401                   0.0000                   0.0000                   0.0000                   0.0000                   0.4759                   0.2019                   0.1528
                5.000E+01                   0.4512                   0.4504                   0.4508                   0.2089                   0.1652                   0.1871                   0.1484                   0.1481                   0.1483                   0.2038                   0.2062                   0.2087                   0.0000                   0.0000                   0.0000                   0.0000                   0.0000                   0.0000                   0.0000                   0.2060                   0.3278                   0.0000                   0.0000                   0.0000                   0.0000                   0.4580                   0.1965                   0.1536
                6.000E+01                   0.4461                   0.4450                   0.4456                   0.2032                   0.1604                   0.1818                   0.1470                   0.1467                   0.1468                   0.2043                   0.2066                   0.2080                   0.0000                   0.0000                   0.0000                   0.0000                   0.0000                   0.0000                   0.0000                   0.2063                   0.3462                   0.0000                   0.0000                   0.0000                   0.0000                   0.4457                   0.1917                   0.1537
                7.000E+01                   0.4422                   0.4409                   0.4416                   0.1991                   0.1567                   0.1779                   0.1456                   0.1452                   0.1454                   0.2047                   0.2069                   0.2078                   0.0000                   0.0000                   0.0000                   0.0000                   0.0000                   0.0000                   0.0000                   0.2065                   0.3625                   0.0000                   0.0000                   0.0000                   0.0000                   0.4371                   0.1875                   0.1534
                8.000E+01                   0.4388                   0.4374                   0.4381                   0.1960                   0.1538                   0.1749                   0.1442                   0.1437                   0.1440                   0.2049                   0.2070                   0.2077                   0.0000                   0.0000                   0.0000                   0.0000                   0.0000                   0.0000                   0.0000                   0.2066                   0.3765                   0.0000                   0.0000                   0.0000                   0.0000                   0.4307                   0.1840                   0.1528
                9.000E+01                   0.4336                   0.4323                   0.4329                   0.1936                   0.1516                   0.1726                   0.1429                   0.1424                   0.1426                   0.2051                   0.2070                   0.2077                   0.0000                   0.1786                   0.1793                   0.1791                   0.0000                   0.0000                   0.0000                   0.2066                   0.3859                   0.0000                   0.0000                   0.0000                   0.0000                   0.4254                   0.1809                   0.1521
                1.000E+02                   0.4286                   0.4273                   0.4279                   0.1915                   0.1497                   0.1706                   0.1416                   0.1412                   0.1414                   0.2051                   0.2070                   0.2078                   0.0000                   0.1773                   0.1779                   0.1777                   0.1675                   0.1682                   0.1680                   0.2066                   0.3938                   0.0000                   0.0000                   0.0000                   0.0000                   0.4208                   0.1783                   0.1512
                1.100E+02                   0.4239                   0.4227                   0.4233                   0.1896                   0.1482                   0.1689                   0.1406                   0.1402                   0.1404                   0.2051                   0.2069                   0.2079                   0.0000                   0.1761                   0.1766                   0.1765                   0.1665                   0.1672                   0.1670                   0.2065                   0.4010                   0.0000                   0.0000                   0.0000                   0.0000                   0.4166                   0.1760                   0.1503
                1.200E+02                   0.4196                   0.4186                   0.4191                   0.1880                   0.1468                   0.1674                   0.1395                   0.1392                   0.1394                   0.2050                   0.2068                   0.2080                   0.0000                   0.1750                   0.1753                   0.1752                   0.1656                   0.1662                   0.1660                   0.2064                   0.4075                   0.0000                   0.0000                   0.0000                   0.0000                   0.4127                   0.1740                   0.1494
                1.300E+02                   0.4157                   0.4147                   0.4152                   0.1865                   0.1456                   0.1661                   0.1388                   0.1384                   0.1386                   0.2049                   0.2066                   0.2081                   0.0000                   0.1748                   0.1750                   0.1749                   0.1656                   0.1659                   0.1658                   0.2063                   0.4135                   0.1955                   0.0000                   0.0000                   0.0000                   0.4092                   0.1722                   0.1485
                1.400E+02                   0.4124                   0.4116                   0.4120                   0.1851                   0.1446                   0.1649                   0.1381                   0.1378                   0.1379                   0.2048                   0.2065                   0.2082                   0.0000                   0.1748                   0.1747                   0.1747                   0.1657                   0.1658                   0.1658                   0.2062                   0.4175                   0.1954                   0.0001                   0.0001                   0.0001                   0.4059                   0.1706                   0.1476
                1.500E+02                   0.4109                   0.4102                   0.4106                   0.1839                   0.1436                   0.1638                   0.1374                   0.1371                   0.1373                   0.2047                   0.2064                   0.2083                   0.0000                   0.1747                   0.1746                   0.1746                   0.1657                   0.1656                   0.1657                   0.2061                   0.4157                   0.1954                   0.0002                   0.0002                   0.0002                   0.4029                   0.1692                   0.1468
                1.600E+02                   0.4096                   0.4091                   0.4093                   0.1828                   0.1428                   0.1628                   0.1368                   0.1365                   0.1367                   0.2046                   0.2062                   0.2084                   0.0000                   0.1747                   0.1744                   0.1745                   0.1658                   0.1655                   0.1656                   0.2060                   0.4137                   0.1954                   0.0003                   0.0003                   0.0003                   0.4003                   0.1678                   0.1460
                1.800E+02                   0.4075                   0.4072                   0.4073                   0.1808                   0.1412                   0.1610                   0.1360                   0.1357                   0.1359                   0.2044                   0.2060                   0.2086                   0.1937                   0.1750                   0.1746                   0.1747                   0.1660                   0.1653                   0.1655                   0.2058                   0.4097                   0.1955                   0.0006                   0.0005                   0.0005                   0.3959                   0.1655                   0.1445
                2.000E+02                   0.4056                   0.4055                   0.4056                   0.1792                   0.1399                   0.1595                   0.1354                   0.1351                   0.1352                   0.2042                   0.2058                   0.2087                   0.1937                   0.1752                   0.1748                   0.1749                   0.1663                   0.1654                   0.1657                   0.2056                   0.4061                   0.1956                   0.0010                   0.0008                   0.0008                   0.3924                   0.1635                   0.1432
                2.200E+02                   0.4039                   0.4041                   0.4040                   0.1779                   0.1388                   0.1583                   0.1348                   0.1345                   0.1347                   0.2041                   0.2057                   0.2088                   0.1938                   0.1754                   0.1749                   0.1751                   0.1665                   0.1655                   0.1659                   0.2054                   0.4029                   0.1956                   0.0014                   0.0011                   0.0010                   0.3895                   0.1617                   0.1421
                2.400E+02                   0.4026                   0.4031                   0.4029                   0.1767                   0.1378                   0.1573                   0.1344                   0.1341                   0.1342                   0.2040                   0.2055                   0.2088                   0.1940                   0.1755                   0.1751                   0.1752                   0.1667                   0.1656                   0.1660                   0.2052                   0.4001                   0.1957                   0.0017                   0.0013                   0.0012                   0.3872                   0.1602                   0.1411
                2.600E+02                   0.4029                   0.4037                   0.4033                   0.1758                   0.1370                   0.1564                   0.1340                   0.1337                   0.1339                   0.2038                   0.2054                   0.2088                   0.1941                   0.1757                   0.1753                   0.1754                   0.1669                   0.1658                   0.1662                   0.2051                   0.3982                   0.1957                   0.0021                   0.0016                   0.0015                   0.3853                   0.1588                   0.1403
                2.800E+02                   0.4033                   0.4043                   0.4038                   0.1750                   0.1363                   0.1557                   0.1337                   0.1335                   0.1336                   0.2037                   0.2053                   0.2088                   0.1942                   0.1758                   0.1754                   0.1755                   0.1670                   0.1658                   0.1662                   0.2050                   0.3964                   0.1958                   0.0025                   0.0018                   0.0017                   0.3839                   0.1577                   0.1396
                3.000E+02                   0.4037                   0.4050                   0.4043                   0.1743                   0.1357                   0.1550                   0.1335                   0.1333                   0.1334                   0.2036                   0.2052                   0.2087                   0.1943                   0.1759                   0.1756                   0.1757                   0.1672                   0.1659                   0.1663                   0.2049                   0.3948                   0.1957                   0.0029                   0.0021                   0.0019                   0.3827                   0.1566                   0.1389
                3.300E+02                   0.4042                   0.4060                   0.4051                   0.1736                   0.1350                   0.1543                   0.1332                   0.1330                   0.1331                   0.2035                   0.2051                   0.2086                   0.1945                   0.1760                   0.1757                   0.1758                   0.1673                   0.1659                   0.1664                   0.2047                   0.3926                   0.1957                   0.0034                   0.0024                   0.0022                   0.3816                   0.1552                   0.1381
                3.600E+02                   0.4047                   0.4069                   0.4058                   0.1730                   0.1344                   0.1537                   0.1329                   0.1328                   0.1329                   0.2034                   0.2050                   0.2084                   0.1946                   0.1762                   0.1760                   0.1761                   0.1675                   0.1660                   0.1665                   0.2046                   0.3906                   0.1957                   0.0039                   0.0027                   0.0025                   0.3808                   0.1541                   0.1375
                4.000E+02                   0.4052                   0.4079                   0.4066                   0.1725                   0.1338                   0.1532                   0.1326                   0.1326                   0.1326                   0.2032                   0.2049                   0.2082                   0.1947                   0.1763                   0.1762                   0.1763                   0.1676                   0.1661                   0.1666                   0.2045                   0.3881                   0.1956                   0.0045                   0.0031                   0.0029                   0.3802                   0.1528                   0.1368
                4.500E+02                   0.4050                   0.4085                   0.4068                   0.1720                   0.1333                   0.1527                   0.1322                   0.1324                   0.1323                   0.2031                   0.2048                   0.2079                   0.1948                   0.1765                   0.1765                   0.1765                   0.1678                   0.1662                   0.1667                   0.2044                   0.3877                   0.1954                   0.0052                   0.0036                   0.0033                   0.3799                   0.1515                   0.1361
                5.000E+02                   0.4047                   0.4089                   0.4068                   0.1718                   0.1330                   0.1524                   0.1320                   0.1322                   0.1321                   0.2030                   0.2048                   0.2076                   0.1949                   0.1766                   0.1768                   0.1767                   0.1679                   0.1662                   0.1668                   0.2043                   0.3877                   0.1952                   0.0061                   0.0041                   0.0037                   0.3797                   0.1505                   0.1355
                5.500E+02                   0.4044                   0.4092                   0.4068                   0.1716                   0.1328                   0.1522                   0.1317                   0.1320                   0.1319                   0.2029                   0.2047                   0.2073                   0.1949                   0.1767                   0.1769                   0.1768                   0.1680                   0.1662                   0.1668                   0.2042                   0.3876                   0.1950                   0.0068                   0.0045                   0.0041                   0.3797                   0.1497                   0.1351
                6.000E+02                   0.4041                   0.4094                   0.4067                   0.1714                   0.1327                   0.1521                   0.1314                   0.1319                   0.1317                   0.2029                   0.2046                   0.2071                   0.1949                   0.1768                   0.1771                   0.1770                   0.1681                   0.1662                   0.1668                   0.2041                   0.3876                   0.1948                   0.0075                   0.0049                   0.0044                   0.3796                   0.1491                   0.1347
                6.500E+02                   0.4037                   0.4097                   0.4067                   0.1713                   0.1326                   0.1519                   0.1312                   0.1317                   0.1315                   0.2028                   0.2046                   0.2069                   0.1950                   0.1769                   0.1773                   0.1772                   0.1682                   0.1663                   0.1669                   0.2041                   0.3875                   0.1946                   0.0081                   0.0053                   0.0048                   0.3797                   0.1486                   0.1345
                7.000E+02                   0.4034                   0.4099                   0.4067                   0.1712                   0.1326                   0.1519                   0.1310                   0.1317                   0.1313                   0.2028                   0.2046                   0.2067                   0.1950                   0.1770                   0.1775                   0.1773                   0.1683                   0.1663                   0.1669                   0.2041                   0.3874                   0.1944                   0.0086                   0.0056                   0.0051                   0.3797                   0.1481                   0.1342
                7.500E+02                   0.4030                   0.4101                   0.4065                   0.1710                   0.1326                   0.1518                   0.1308                   0.1316                   0.1312                   0.2027                   0.2045                   0.2065                   0.1950                   0.1770                   0.1776                   0.1774                   0.1683                   0.1663                   0.1669                   0.2041                   0.3874                   0.1941                   0.0092                   0.0060                   0.0054                   0.3797                   0.1478                   0.1339
                8.000E+02                   0.4026                   0.4103                   0.4064                   0.1710                   0.1327                   0.1518                   0.1306                   0.1315                   0.1311                   0.2028                   0.2045                   0.2064                   0.1950                   0.1771                   0.1778                   0.1776                   0.1684                   0.1663                   0.1670                   0.2041                   0.3874                   0.1940                   0.0096                   0.0063                   0.0056                   0.3798                   0.1475                   0.1338
                9.000E+02                   0.4018                   0.4105                   0.4061                   0.1708                   0.1328                   0.1518                   0.1302                   0.1313                   0.1308                   0.2027                   0.2045                   0.2061                   0.1951                   0.1772                   0.1781                   0.1778                   0.1684                   0.1663                   0.1670                   0.2040                   0.3873                   0.1936                   0.0105                   0.0069                   0.0062                   0.3799                   0.1471                   0.1334
                1.000E+03                   0.4010                   0.4107                   0.4058                   0.1706                   0.1329                   0.1517                   0.1299                   0.1313                   0.1306                   0.2027                   0.2045                   0.2059                   0.1951                   0.1773                   0.1782                   0.1779                   0.1685                   0.1663                   0.1670                   0.2040                   0.3872                   0.1933                   0.0113                   0.0075                   0.0067                   0.3800                   0.1467                   0.1331
                1.100E+03                   0.4002                   0.4108                   0.4055                   0.1705                   0.1330                   0.1517                   0.1296                   0.1311                   0.1304                   0.2028                   0.2045                   0.2058                   0.1952                   0.1773                   0.1783                   0.1780                   0.1686                   0.1663                   0.1671                   0.2041                   0.3870                   0.1930                   0.0120                   0.0080                   0.0071                   0.3801                   0.1465                   0.1328
                1.200E+03                   0.3993                   0.4107                   0.4050                   0.1703                   0.1331                   0.1517                   0.1293                   0.1310                   0.1302                   0.2028                   0.2045                   0.2056                   0.1952                   0.1774                   0.1784                   0.1781                   0.1686                   0.1663                   0.1671                   0.2040                   0.3867                   0.1926                   0.0126                   0.0085                   0.0076                   0.3801                   0.1463                   0.1325
                1.300E+03                   0.3978                   0.4101                   0.4040                   0.1701                   0.1332                   0.1517                   0.1291                   0.1310                   0.1300                   0.2028                   0.2045                   0.2055                   0.1952                   0.1775                   0.1787                   0.1783                   0.1687                   0.1663                   0.1671                   0.2040                   0.3856                   0.1924                   0.0142                   0.0090                   0.0080                   0.3802                   0.1462                   0.1323
                1.500E+03                   0.3950                   0.4088                   0.4019                   0.1697                   0.1334                   0.1516                   0.1286                   0.1309                   0.1297                   0.2028                   0.2045                   0.2054                   0.1953                   0.1775                   0.1792                   0.1787                   0.1688                   0.1663                   0.1671                   0.2041                   0.3834                   0.1919                   0.0162                   0.0099                   0.0087                   0.3800                   0.1460                   0.1319
                1.700E+03                   0.3924                   0.4076                   0.4000                   0.1693                   0.1335                   0.1514                   0.1282                   0.1308                   0.1295                   0.2029                   0.2046                   0.2054                   0.1955                   0.1776                   0.1796                   0.1790                   0.1689                   0.1663                   0.1671                   0.2041                   0.3816                   0.1915                   0.0178                   0.0107                   0.0094                   0.3796                   0.1458                   0.1316
                2.000E+03                   0.3889                   0.4060                   0.3975                   0.1686                   0.1337                   0.1512                   0.1277                   0.1308                   0.1292                   0.2031                   0.2047                   0.2054                   0.1957                   0.1777                   0.1801                   0.1793                   0.1690                   0.1663                   0.1672                   0.2043                   0.3791                   0.1910                   0.0199                   0.0118                   0.0103                   0.3788                   0.1456                   0.1312
                2.500E+03                   0.3863                   0.4064                   0.3963                   0.1674                   0.1338                   0.1506                   0.1269                   0.1307                   0.1288                   0.2034                   0.2050                   0.2055                   0.1961                   0.1779                   0.1807                   0.1798                   0.1693                   0.1664                   0.1673                   0.2045                   0.3781                   0.1903                   0.0226                   0.0134                   0.0116                   0.3779                   0.1454                   0.1308
                3.000E+03                   0.3842                   0.4069                   0.3956                   0.1665                   0.1338                   0.1502                   0.1262                   0.1306                   0.1284                   0.2036                   0.2052                   0.2056                   0.1965                   0.1780                   0.1812                   0.1801                   0.1695                   0.1665                   0.1675                   0.2048                   0.3774                   0.1898                   0.0248                   0.0147                   0.0127                   0.3775                   0.1452                   0.1305
                4.000E+03                   0.3807                   0.4078                   0.3942                   0.1650                   0.1340                   0.1495                   0.1251                   0.1306                   0.1279                   0.2043                   0.2058                   0.2061                   0.1972                   0.1784                   0.1821                   0.1809                   0.1700                   0.1667                   0.1678                   0.2054                   0.3761                   0.1891                   0.0287                   0.0170                   0.0145                   0.3774                   0.1449                   0.1301
                5.000E+03                   0.3778                   0.4085                   0.3932                   0.1640                   0.1342                   0.1491                   0.1242                   0.1307                   0.1275                   0.2049                   0.2065                   0.2066                   0.1980                   0.1789                   0.1833                   0.1818                   0.1705                   0.1670                   0.1682                   0.2060                   0.3749                   0.1887                   0.0326                   0.0188                   0.0160                   0.3778                   0.1447                   0.1298
                6.000E+03                   0.3753                   0.4092                   0.3923                   0.1631                   0.1345                   0.1488                   0.1235                   0.1308                   0.1272                   0.2055                   0.2070                   0.2070                   0.1986                   0.1793                   0.1844                   0.1827                   0.1710                   0.1673                   0.1686                   0.2065                   0.3739                   0.1884                   0.0360                   0.0204                   0.0173                   0.3781                   0.1447                   0.1296
                7.000E+03                   0.3731                   0.4098                   0.3914                   0.1624                   0.1347                   0.1486                   0.1229                   0.1309                   0.1269                   0.2060                   0.2075                   0.2075                   0.1992                   0.1797                   0.1854                   0.1835                   0.1715                   0.1677                   0.1689                   0.2071                   0.3729                   0.1882                   0.0390                   0.0218                   0.0184                   0.3785                   0.1446                   0.1295
                8.000E+03                   0.3711                   0.4103                   0.3907                   0.1617                   0.1349                   0.1483                   0.1223                   0.1310                   0.1267                   0.2066                   0.2080                   0.2079                   0.1998                   0.1801                   0.1864                   0.1843                   0.1720                   0.1680                   0.1693                   0.2076                   0.3721                   0.1881                   0.0418                   0.0231                   0.0194                   0.3789                   0.1446                   0.1293
                9.000E+03                   0.3692                   0.4107                   0.3899                   0.1611                   0.1352                   0.1481                   0.1218                   0.1312                   0.1265                   0.2071                   0.2085                   0.2084                   0.2004                   0.1805                   0.1873                   0.1850                   0.1724                   0.1683                   0.1697                   0.2081                   0.3713                   0.1880                   0.0443                   0.0242                   0.0203                   0.3792                   0.1446                   0.1293
                1.000E+04                   0.3675                   0.4111                   0.3893                   0.1605                   0.1354                   0.1480                   0.1213                   0.1313                   0.1263                   0.2076                   0.2090                   0.2088                   0.2009                   0.1809                   0.1881                   0.1857                   0.1729                   0.1686                   0.1701                   0.2086                   0.3705                   0.1880                   0.0466                   0.0253                   0.0212                   0.3795                   0.1447                   0.1292
                1.200E+04                   0.3645                   0.4118                   0.3881                   0.1595                   0.1358                   0.1477                   0.1205                   0.1315                   0.1260                   0.2085                   0.2099                   0.2096                   0.2018                   0.1815                   0.1897                   0.1870                   0.1737                   0.1692                   0.1707                   0.2095                   0.3691                   0.1880                   0.0508                   0.0272                   0.0226                   0.3801                   0.1448                   0.1291
                1.500E+04                   0.3605                   0.4126                   0.3866                   0.1582                   0.1363                   0.1473                   0.1195                   0.1318                   0.1256                   0.2097                   0.2111                   0.2107                   0.2031                   0.1825                   0.1917                   0.1886                   0.1748                   0.1700                   0.1716                   0.2107                   0.3673                   0.1881                   0.0561                   0.0296                   0.0245                   0.3808                   0.1449                   0.1290
                2.000E+04                   0.3550                   0.4138                   0.3844                   0.1563                   0.1370                   0.1467                   0.1181                   0.1322                   0.1252                   0.2115                   0.2129                   0.2124                   0.2050                   0.1839                   0.1947                   0.1911                   0.1765                   0.1713                   0.1730                   0.2125                   0.3648                   0.1884                   0.0633                   0.0328                   0.0271                   0.3818                   0.1452                   0.1291
                3.000E+04                   0.3467                   0.4153                   0.3810                   0.1534                   0.1379                   0.1457                   0.1160                   0.1330                   0.1245                   0.2145                   0.2158                   0.2150                   0.2080                   0.1862                   0.1991                   0.1948                   0.1791                   0.1733                   0.1752                   0.2154                   0.3610                   0.1891                   0.0741                   0.0377                   0.0309                   0.3832                   0.1456                   0.1292
                5.000E+04                   0.3350                   0.4173                   0.3762                   0.1492                   0.1391                   0.1442                   0.1130                   0.1339                   0.1235                   0.2190                   0.2202                   0.2192                   0.2125                   0.1898                   0.2057                   0.2004                   0.1832                   0.1765                   0.1788                   0.2199                   0.3555                   0.1908                   0.0890                   0.0444                   0.0362                   0.3849                   0.1463                   0.1295
                1.000E+05                   0.3170                   0.4200                   0.3685                   0.1423                   0.1405                   0.1414                   0.1084                   0.1354                   0.1219                   0.2265                   0.2276                   0.2261                   0.2199                   0.1960                   0.2163                   0.2095                   0.1902                   0.1821                   0.1848                   0.2275                   0.3469                   0.1943                   0.1113                   0.0544                   0.0440                   0.3873                   0.1471                   0.1302
